X=0;
X(1, 1:20) = rand(1, 20)*4-13;
X(2, 1:20) = rand(1, 20)*5-10;
X(1, 21:40) = rand(1, 20)*5-5;
X(2, 21:40) = rand(1, 20)*4-9;
X(3, 21:40) = ones(1, 20);
ciag_uczacy =X';